5.15
0.166666666667
7.56666666667
4.63333333333
3.51666666667
0.183333333333
3.53333333333
0.266666666667
1.81666666667
11.8166666667
4.56666666667
7.91666666667
0.183333333333
2.55
0.3
3.23333333333
3.58333333333
3.53333333333
1.48333333333
1.7
12.0166666667
1.86666666667
1.46666666667
1.45
7.46666666667
4.16666666667
6.2
5.15
0.166666666667
7.56666666667
4.63333333333
3.51666666667
0.183333333333
3.53333333333
0.266666666667
1.81666666667
11.8166666667
4.56666666667
7.91666666667
0.183333333333
2.55
0.3
3.23333333333
3.58333333333
3.53333333333
1.48333333333
1.7
12.0166666667
1.86666666667
1.46666666667
1.45
7.46666666667
4.16666666667
6.2
19.6333333333
1.35
2.18333333333
7.35
2.28333333333
2.01666666667
0.283333333333
4.23333333333
5.18333333333
0.516666666667
2.58333333333
3.06666666667
3.16666666667
1.31666666667
0.266666666667
0.35
12.3666666667
3.66666666667
1.45
0.35
0.183333333333
5.85
13.1833333333
7.51666666667
3.81666666667
7.2
0.983333333333
15.35
11.6833333333
5.93333333333
18.0833333333
0.533333333333
4.63333333333
0.35
5.18333333333
1.35
7.28333333333
3.01666666667
1.85
3.66666666667
0.183333333333
4.51666666667
2.58333333333
3.06666666667
4.16666666667
0.316666666667
0.266666666667
0.35
12.3666666667
3.66666666667
0.45
1.35
1.18333333333
4.85
6.18333333333
2.51666666667
5.15
0.166666666667
7.56666666667
4.63333333333
3.51666666667
0.183333333333
3.53333333333
0.266666666667
1.81666666667
11.8166666667
4.56666666667
7.91666666667
0.183333333333
2.55
0.3
3.23333333333
3.58333333333
3.53333333333
1.48333333333
1.7
12.0166666667
1.86666666667
1.46666666667
1.45
7.46666666667
3.27753331667
5.56181495
0.75493545
2.74871453333
2.44023871667
11.1569833
3.32493366667
0.289349383333
2.4068914
2.88738768333
2.36985268333
0.23759715
2.67251653333
1.08599441667
0.622975133333
6.46655888333
3.48952626667
0.448604066667
0.236425816667
1.61847045
0.518661483333
0.392568133333
3.7966064
4.84254418333
0.367229083333
1.93379625
10.45430835
1.25837978333
1.31136363333
11.5072378333
5.19287453333
2.61480388333
0.527366666667
1.39805
0.0480499999999
2.43878333333
2.14093333333
0.7894
5.75605
0.69165
0.08965
1.34605
3.3788
3.332
0.402716666667
0.961716666667
5.02351666667
0.562016666667
1.06278333333
8.75556666667
7.21255
6.38575
7.88211666667
4.07025
2.83546666667
0.1333
4.51945
6.21816666667
0.176
0.0517666666667
0.642466666667